image_width: 1280
image_height: 720
camera_name: narrow_stereo
camera_matrix:
  rows: 3
  cols: 3
  data: [887.161711, 0.000000, 641.813772, 0.000000, 888.388040, 369.883045, 0.000000, 0.000000, 1.000000]
distortion_model: plumb_bob
distortion_coefficients:
  rows: 1
  cols: 5
  data: [0.048088, -0.108198, -0.002050, -0.000323, 0.000000]
rectification_matrix:
  rows: 3
  cols: 3
  data: [1.000000, 0.000000, 0.000000, 0.000000, 1.000000, 0.000000, 0.000000, 0.000000, 1.000000]
projection_matrix:
  rows: 3
  cols: 4
  data: [882.433655, 0.000000, 640.963004, 0.000000, 0.000000, 892.032532, 368.407324, 0.000000, 0.000000, 0.000000, 1.000000, 0.000000]
